This is cutadapt 2.8 with Python 3.8.10
Command line parameters: -a CTGTCTCTTATACACATCT -A CTGTCTCTTATACACATCT -j 16 -o AAT1_ct_1.fastq.gz -p AAT1_ct_2.fastq.gz AAT1_1.fastq.gz AAT1_2.fastq.gz
Processing reads on 16 cores in paired-end mode ...
Finished in 1297.49 s (16 us/read; 3.74 M reads/minute).

=== Summary ===

Total read pairs processed:         80,935,837
  Read 1 with adapter:              12,270,426 (15.2%)
  Read 2 with adapter:              12,305,581 (15.2%)
Pairs written (passing filters):    80,935,837 (100.0%)

Total basepairs processed: 26,061,339,514 bp
  Read 1: 13,030,669,757 bp
  Read 2: 13,030,669,757 bp
Total written (filtered):  24,767,536,545 bp (95.0%)
  Read 1: 12,385,176,657 bp
  Read 2: 12,382,359,888 bp

=== First read: Adapter 1 ===

Sequence: CTGTCTCTTATACACATCT; Type: regular 3'; Length: 19; Trimmed: 12270426 times; Reverse-complemented: 0 times

No. of allowed errors:
0-9 bp: 0; 10-19 bp: 1

Bases preceding removed adapters:
  A: 12.2%
  C: 36.4%
  G: 26.6%
  T: 24.8%
  none/other: 0.0%

Overview of removed sequences
length	count	expect	max.err	error counts
3	1080097	1264622.5	0	1080097
4	391582	316155.6	0	391582
5	179412	79038.9	0	179412
6	136583	19759.7	0	136583
7	119771	4939.9	0	119771
8	117966	1235.0	0	117966
9	116968	308.7	0	115199 1769
10	124103	77.2	1	117262 6841
11	122270	19.3	1	116962 5308
12	123479	4.8	1	118881 4598
13	118381	1.2	1	114488 3893
14	116728	0.3	1	113162 3566
15	112065	0.1	1	108745 3320
16	108058	0.0	1	104887 3171
17	106510	0.0	1	103346 3164
18	104047	0.0	1	100430 3617
19	104041	0.0	1	100771 3270
20	105684	0.0	1	102401 3283
21	106047	0.0	1	102813 3234
22	107974	0.0	1	104770 3204
23	106784	0.0	1	103686 3098
24	104746	0.0	1	101923 2823
25	102131	0.0	1	99363 2768
26	99266	0.0	1	96559 2707
27	97284	0.0	1	94628 2656
28	95675	0.0	1	93033 2642
29	94717	0.0	1	92330 2387
30	96636	0.0	1	94029 2607
31	97406	0.0	1	94900 2506
32	99155	0.0	1	96704 2451
33	98025	0.0	1	95513 2512
34	98169	0.0	1	95728 2441
35	96077	0.0	1	93719 2358
36	93504	0.0	1	91156 2348
37	92346	0.0	1	89967 2379
38	89724	0.0	1	87531 2193
39	88754	0.0	1	86489 2265
40	88964	0.0	1	86748 2216
41	91011	0.0	1	88869 2142
42	93363	0.0	1	91079 2284
43	94938	0.0	1	92743 2195
44	94724	0.0	1	92325 2399
45	94701	0.0	1	92311 2390
46	93149	0.0	1	90790 2359
47	91944	0.0	1	89524 2420
48	86478	0.0	1	84338 2140
49	87114	0.0	1	84987 2127
50	86411	0.0	1	84355 2056
51	87350	0.0	1	85325 2025
52	89337	0.0	1	87361 1976
53	90349	0.0	1	88385 1964
54	91987	0.0	1	89964 2023
55	90222	0.0	1	88211 2011
56	90336	0.0	1	88354 1982
57	86576	0.0	1	84690 1886
58	83937	0.0	1	82181 1756
59	81774	0.0	1	80080 1694
60	82401	0.0	1	80746 1655
61	83361	0.0	1	81641 1720
62	85610	0.0	1	83991 1619
63	88681	0.0	1	86943 1738
64	90031	0.0	1	88375 1656
65	90241	0.0	1	88481 1760
66	89228	0.0	1	87584 1644
67	85709	0.0	1	84215 1494
68	82907	0.0	1	81434 1473
69	80402	0.0	1	78950 1452
70	79238	0.0	1	77860 1378
71	81321	0.0	1	79910 1411
72	83668	0.0	1	82183 1485
73	86096	0.0	1	84591 1505
74	89471	0.0	1	87965 1506
75	90657	0.0	1	89051 1606
76	89342	0.0	1	87825 1517
77	86488	0.0	1	85055 1433
78	82963	0.0	1	81617 1346
79	81010	0.0	1	79640 1370
80	79710	0.0	1	78275 1435
81	79748	0.0	1	78317 1431
82	84279	0.0	1	82692 1587
83	85054	0.0	1	83569 1485
84	90327	0.0	1	88854 1473
85	91622	0.0	1	90194 1428
86	90812	0.0	1	89368 1444
87	87313	0.0	1	85933 1380
88	83237	0.0	1	81927 1310
89	79624	0.0	1	78357 1267
90	77607	0.0	1	76405 1202
91	76740	0.0	1	75636 1104
92	79875	0.0	1	78629 1246
93	81926	0.0	1	80707 1219
94	87550	0.0	1	86271 1279
95	90166	0.0	1	88890 1276
96	91167	0.0	1	89845 1322
97	87186	0.0	1	85981 1205
98	82443	0.0	1	81199 1244
99	77395	0.0	1	76223 1172
100	74044	0.0	1	72973 1071
101	72043	0.0	1	71018 1025
102	73901	0.0	1	72950 951
103	77692	0.0	1	76648 1044
104	84179	0.0	1	83012 1167
105	88262	0.0	1	87116 1146
106	89839	0.0	1	88705 1134
107	86200	0.0	1	85058 1142
108	81025	0.0	1	79933 1092
109	72799	0.0	1	71858 941
110	70765	0.0	1	69832 933
111	67347	0.0	1	66455 892
112	69155	0.0	1	68261 894
113	72331	0.0	1	71423 908
114	80100	0.0	1	79085 1015
115	85059	0.0	1	83936 1123
116	87777	0.0	1	86577 1200
117	83186	0.0	1	82120 1066
118	71532	0.0	1	70629 903
119	59514	0.0	1	58769 745
120	51618	0.0	1	50914 704
121	45134	0.0	1	44551 583
122	41726	0.0	1	41220 506
123	35265	0.0	1	34816 449
124	33530	0.0	1	33099 431
125	25306	0.0	1	24997 309
126	15143	0.0	1	14901 242
127	8463	0.0	1	8331 132
128	5888	0.0	1	5797 91
129	3830	0.0	1	3772 58
130	2959	0.0	1	2897 62
131	2855	0.0	1	2799 56
132	3556	0.0	1	3483 73
133	3522	0.0	1	3457 65
134	2904	0.0	1	2844 60
135	1185	0.0	1	1159 26
136	294	0.0	1	265 29
137	132	0.0	1	122 10
138	179	0.0	1	162 17
139	80	0.0	1	70 10
140	131	0.0	1	121 10
141	55	0.0	1	50 5
142	82	0.0	1	69 13
143	50	0.0	1	41 9
144	57	0.0	1	46 11
145	39	0.0	1	34 5
146	23	0.0	1	21 2
147	21	0.0	1	17 4
148	18	0.0	1	16 2
149	17	0.0	1	16 1
150	15	0.0	1	13 2
151	124	0.0	1	120 4
152	17	0.0	1	13 4
153	10	0.0	1	10
155	1	0.0	1	1
156	2	0.0	1	2
157	1	0.0	1	1
158	3	0.0	1	3
159	4	0.0	1	1 3
160	1	0.0	1	0 1


=== Second read: Adapter 2 ===

Sequence: CTGTCTCTTATACACATCT; Type: regular 3'; Length: 19; Trimmed: 12305581 times; Reverse-complemented: 0 times

No. of allowed errors:
0-9 bp: 0; 10-19 bp: 1

Bases preceding removed adapters:
  A: 11.9%
  C: 36.6%
  G: 26.8%
  T: 24.7%
  none/other: 0.0%

Overview of removed sequences
length	count	expect	max.err	error counts
3	1081255	1264622.5	0	1081255
4	390750	316155.6	0	390750
5	178901	79038.9	0	178901
6	136340	19759.7	0	136340
7	119890	4939.9	0	119890
8	117529	1235.0	0	117529
9	116940	308.7	0	115204 1736
10	123861	77.2	1	116997 6864
11	122131	19.3	1	116813 5318
12	123124	4.8	1	118591 4533
13	118147	1.2	1	114160 3987
14	116612	0.3	1	113269 3343
15	111993	0.1	1	108863 3130
16	107926	0.0	1	104955 2971
17	106294	0.0	1	102646 3648
18	103929	0.0	1	100684 3245
19	104254	0.0	1	101230 3024
20	105694	0.0	1	102780 2914
21	106200	0.0	1	103420 2780
22	108107	0.0	1	105274 2833
23	106931	0.0	1	104180 2751
24	104789	0.0	1	102201 2588
25	102346	0.0	1	99969 2377
26	99282	0.0	1	96996 2286
27	97495	0.0	1	95243 2252
28	95768	0.0	1	93635 2133
29	94875	0.0	1	92792 2083
30	96831	0.0	1	94751 2080
31	97619	0.0	1	95449 2170
32	99412	0.0	1	97323 2089
33	98230	0.0	1	96259 1971
34	98440	0.0	1	96570 1870
35	96289	0.0	1	94423 1866
36	93771	0.0	1	91877 1894
37	92657	0.0	1	90846 1811
38	90014	0.0	1	88269 1745
39	89116	0.0	1	87437 1679
40	89311	0.0	1	87593 1718
41	91334	0.0	1	89642 1692
42	93639	0.0	1	91962 1677
43	95298	0.0	1	93718 1580
44	95179	0.0	1	93395 1784
45	95035	0.0	1	93227 1808
46	93659	0.0	1	91829 1830
47	92454	0.0	1	90522 1932
48	86905	0.0	1	85292 1613
49	87575	0.0	1	85976 1599
50	86814	0.0	1	85452 1362
51	87722	0.0	1	86364 1358
52	89766	0.0	1	88312 1454
53	90802	0.0	1	89401 1401
54	92417	0.0	1	91013 1404
55	90723	0.0	1	89364 1359
56	90759	0.0	1	89413 1346
57	87028	0.0	1	85776 1252
58	84367	0.0	1	83191 1176
59	82222	0.0	1	81117 1105
60	82795	0.0	1	81674 1121
61	83745	0.0	1	82611 1134
62	86031	0.0	1	84959 1072
63	89128	0.0	1	87995 1133
64	90432	0.0	1	89317 1115
65	90671	0.0	1	89502 1169
66	89582	0.0	1	88445 1137
67	86124	0.0	1	85059 1065
68	83311	0.0	1	82304 1007
69	80790	0.0	1	79802 988
70	79662	0.0	1	78653 1009
71	81693	0.0	1	80659 1034
72	84061	0.0	1	82987 1074
73	86522	0.0	1	85529 993
74	89859	0.0	1	88814 1045
75	91000	0.0	1	89982 1018
76	89753	0.0	1	88721 1032
77	86898	0.0	1	85857 1041
78	83407	0.0	1	82499 908
79	81556	0.0	1	80495 1061
80	80281	0.0	1	79282 999
81	80341	0.0	1	79307 1034
82	85029	0.0	1	83698 1331
83	85532	0.0	1	84521 1011
84	90886	0.0	1	89755 1131
85	92064	0.0	1	91082 982
86	91250	0.0	1	90369 881
87	87718	0.0	1	86769 949
88	83543	0.0	1	82693 850
89	80008	0.0	1	79121 887
90	77993	0.0	1	77183 810
91	77084	0.0	1	76257 827
92	80174	0.0	1	79335 839
93	82316	0.0	1	81487 829
94	87821	0.0	1	86990 831
95	90512	0.0	1	89656 856
96	91501	0.0	1	90629 872
97	87507	0.0	1	86682 825
98	82820	0.0	1	82021 799
99	77736	0.0	1	76997 739
100	74334	0.0	1	73624 710
101	72324	0.0	1	71705 619
102	74153	0.0	1	73500 653
103	77989	0.0	1	77327 662
104	84529	0.0	1	83772 757
105	88556	0.0	1	87823 733
106	90141	0.0	1	89377 764
107	86548	0.0	1	85790 758
108	81312	0.0	1	80603 709
109	73132	0.0	1	72491 641
110	71091	0.0	1	70473 618
111	67564	0.0	1	67018 546
112	69489	0.0	1	68912 577
113	72599	0.0	1	71998 601
114	80464	0.0	1	79763 701
115	85419	0.0	1	84667 752
116	88174	0.0	1	87388 786
117	83619	0.0	1	82812 807
118	71884	0.0	1	71317 567
119	59840	0.0	1	59311 529
120	51797	0.0	1	51379 418
121	45294	0.0	1	44905 389
122	41915	0.0	1	41565 350
123	35389	0.0	1	35066 323
124	33707	0.0	1	33409 298
125	25458	0.0	1	25245 213
126	15292	0.0	1	15120 172
127	8571	0.0	1	8453 118
128	6017	0.0	1	5922 95
129	3914	0.0	1	3850 64
130	3059	0.0	1	2992 67
131	2949	0.0	1	2885 64
132	3638	0.0	1	3580 58
133	3619	0.0	1	3529 90
134	2988	0.0	1	2934 54
135	1255	0.0	1	1216 39
136	363	0.0	1	332 31
137	201	0.0	1	173 28
138	228	0.0	1	200 28
139	114	0.0	1	98 16
140	154	0.0	1	138 16
141	73	0.0	1	63 10
142	100	0.0	1	91 9
143	61	0.0	1	52 9
144	61	0.0	1	61
145	45	0.0	1	39 6
146	26	0.0	1	23 3
147	25	0.0	1	24 1
148	21	0.0	1	20 1
149	20	0.0	1	18 2
150	17	0.0	1	17
151	123	0.0	1	120 3
152	17	0.0	1	15 2
153	10	0.0	1	9 1
155	1	0.0	1	1
156	2	0.0	1	1 1
157	1	0.0	1	1
158	4	0.0	1	3 1
159	3	0.0	1	3
160	1	0.0	1	1
