This is cutadapt 2.8 with Python 3.8.10
Command line parameters: -a CTGTCTCTTATACACATCT -A CTGTCTCTTATACACATCT -j 16 -o AAT2_ct_1.fastq.gz -p AAT2_ct_2.fastq.gz AAT2_1.fastq.gz AAT2_2.fastq.gz
Processing reads on 16 cores in paired-end mode ...
Finished in 1414.30 s (16 us/read; 3.81 M reads/minute).

=== Summary ===

Total read pairs processed:         89,893,230
  Read 1 with adapter:              16,927,643 (18.8%)
  Read 2 with adapter:              16,983,663 (18.9%)
Pairs written (passing filters):    89,893,230 (100.0%)

Total basepairs processed: 28,945,620,060 bp
  Read 1: 14,472,810,030 bp
  Read 2: 14,472,810,030 bp
Total written (filtered):  26,878,530,268 bp (92.9%)
  Read 1: 13,441,529,338 bp
  Read 2: 13,437,000,930 bp

=== First read: Adapter 1 ===

Sequence: CTGTCTCTTATACACATCT; Type: regular 3'; Length: 19; Trimmed: 16927643 times; Reverse-complemented: 0 times

No. of allowed errors:
0-9 bp: 0; 10-19 bp: 1

Bases preceding removed adapters:
  A: 11.2%
  C: 38.2%
  G: 26.8%
  T: 23.9%
  none/other: 0.0%

Overview of removed sequences
length	count	expect	max.err	error counts
3	1149634	1404581.7	0	1149634
4	412688	351145.4	0	412688
5	182813	87786.4	0	182813
6	136550	21946.6	0	136550
7	119730	5486.6	0	119730
8	117426	1371.7	0	117426
9	118398	342.9	0	116394 2004
10	126082	85.7	1	118893 7189
11	126461	21.4	1	120785 5676
12	128056	5.4	1	123274 4782
13	124330	1.3	1	120296 4034
14	122741	0.3	1	119025 3716
15	118630	0.1	1	115189 3441
16	114306	0.0	1	110989 3317
17	112318	0.0	1	109020 3298
18	111549	0.0	1	107727 3822
19	112869	0.0	1	109317 3552
20	115467	0.0	1	111885 3582
21	115886	0.0	1	112348 3538
22	120933	0.0	1	117323 3610
23	119505	0.0	1	116118 3387
24	118177	0.0	1	114985 3192
25	116683	0.0	1	113614 3069
26	111298	0.0	1	108394 2904
27	109948	0.0	1	106955 2993
28	109374	0.0	1	106391 2983
29	110270	0.0	1	107523 2747
30	111747	0.0	1	108833 2914
31	114282	0.0	1	111291 2991
32	118099	0.0	1	115196 2903
33	118369	0.0	1	115450 2919
34	118708	0.0	1	115877 2831
35	116388	0.0	1	113571 2817
36	114206	0.0	1	111335 2871
37	112181	0.0	1	109313 2868
38	109247	0.0	1	106498 2749
39	109384	0.0	1	106727 2657
40	110150	0.0	1	107546 2604
41	114155	0.0	1	111361 2794
42	118921	0.0	1	116036 2885
43	121859	0.0	1	118990 2869
44	123175	0.0	1	120048 3127
45	122066	0.0	1	119035 3031
46	120829	0.0	1	117862 2967
47	118462	0.0	1	115343 3119
48	112911	0.0	1	110170 2741
49	112439	0.0	1	109694 2745
50	113484	0.0	1	110807 2677
51	115421	0.0	1	112790 2631
52	120417	0.0	1	117729 2688
53	123453	0.0	1	120812 2641
54	126669	0.0	1	123918 2751
55	124565	0.0	1	121817 2748
56	123165	0.0	1	120511 2654
57	118871	0.0	1	116257 2614
58	115610	0.0	1	113237 2373
59	113651	0.0	1	111438 2213
60	115402	0.0	1	112954 2448
61	119670	0.0	1	117334 2336
62	123360	0.0	1	120922 2438
63	127998	0.0	1	125530 2468
64	130632	0.0	1	128139 2493
65	131627	0.0	1	129137 2490
66	130203	0.0	1	127771 2432
67	125360	0.0	1	123013 2347
68	121389	0.0	1	119133 2256
69	117966	0.0	1	115897 2069
70	118800	0.0	1	116810 1990
71	121713	0.0	1	119604 2109
72	126937	0.0	1	124661 2276
73	133203	0.0	1	130997 2206
74	138425	0.0	1	136089 2336
75	140499	0.0	1	138024 2475
76	139593	0.0	1	137209 2384
77	134367	0.0	1	132041 2326
78	127759	0.0	1	125619 2140
79	124674	0.0	1	122562 2112
80	124085	0.0	1	121888 2197
81	124085	0.0	1	121908 2177
82	133374	0.0	1	130882 2492
83	138607	0.0	1	136314 2293
84	147118	0.0	1	144702 2416
85	149041	0.0	1	146662 2379
86	147366	0.0	1	145009 2357
87	143158	0.0	1	140859 2299
88	134520	0.0	1	132384 2136
89	129405	0.0	1	127407 1998
90	125329	0.0	1	123409 1920
91	124072	0.0	1	122240 1832
92	131124	0.0	1	129176 1948
93	139346	0.0	1	137266 2080
94	150086	0.0	1	147914 2172
95	156630	0.0	1	154257 2373
96	158191	0.0	1	155831 2360
97	151174	0.0	1	148929 2245
98	142451	0.0	1	140384 2067
99	132246	0.0	1	130285 1961
100	126092	0.0	1	124316 1776
101	124096	0.0	1	122343 1753
102	128745	0.0	1	126939 1806
103	138585	0.0	1	136704 1881
104	152958	0.0	1	150913 2045
105	162252	0.0	1	160134 2118
106	167357	0.0	1	165140 2217
107	159599	0.0	1	157496 2103
108	148731	0.0	1	146696 2035
109	133267	0.0	1	131495 1772
110	127556	0.0	1	125883 1673
111	122109	0.0	1	120515 1594
112	126155	0.0	1	124614 1541
113	134696	0.0	1	133037 1659
114	151640	0.0	1	149647 1993
115	165378	0.0	1	163270 2108
116	171955	0.0	1	169746 2209
117	166579	0.0	1	164509 2070
118	145739	0.0	1	143937 1802
119	120223	0.0	1	118829 1394
120	106172	0.0	1	104920 1252
121	96390	0.0	1	95251 1139
122	90847	0.0	1	89749 1098
123	79492	0.0	1	78563 929
124	78104	0.0	1	77142 962
125	62240	0.0	1	61469 771
126	38511	0.0	1	37994 517
127	20819	0.0	1	20564 255
128	13771	0.0	1	13566 205
129	8250	0.0	1	8113 137
130	6077	0.0	1	5980 97
131	5212	0.0	1	5129 83
132	6494	0.0	1	6372 122
133	5685	0.0	1	5581 104
134	4950	0.0	1	4857 93
135	2511	0.0	1	2467 44
136	609	0.0	1	580 29
137	205	0.0	1	190 15
138	252	0.0	1	229 23
139	118	0.0	1	103 15
140	289	0.0	1	270 19
141	60	0.0	1	51 9
142	180	0.0	1	160 20
143	68	0.0	1	53 15
144	87	0.0	1	76 11
145	32	0.0	1	26 6
146	45	0.0	1	42 3
147	24	0.0	1	14 10
148	27	0.0	1	22 5
149	28	0.0	1	22 6
150	26	0.0	1	25 1
151	308	0.0	1	296 12
152	29	0.0	1	26 3
153	10	0.0	1	9 1
154	3	0.0	1	3
155	3	0.0	1	3
156	1	0.0	1	1
157	1	0.0	1	1
158	4	0.0	1	4
160	4	0.0	1	4
161	2	0.0	1	2


=== Second read: Adapter 2 ===

Sequence: CTGTCTCTTATACACATCT; Type: regular 3'; Length: 19; Trimmed: 16983663 times; Reverse-complemented: 0 times

No. of allowed errors:
0-9 bp: 0; 10-19 bp: 1

Bases preceding removed adapters:
  A: 11.0%
  C: 38.3%
  G: 26.9%
  T: 23.8%
  none/other: 0.0%

Overview of removed sequences
length	count	expect	max.err	error counts
3	1152160	1404581.7	0	1152160
4	408747	351145.4	0	408747
5	181066	87786.4	0	181066
6	135501	21946.6	0	135501
7	119693	5486.6	0	119693
8	117813	1371.7	0	117813
9	118843	342.9	0	116812 2031
10	126226	85.7	1	119220 7006
11	126258	21.4	1	120968 5290
12	127996	5.4	1	123383 4613
13	124196	1.3	1	120338 3858
14	122763	0.3	1	119345 3418
15	118760	0.1	1	115674 3086
16	114497	0.0	1	111583 2914
17	112251	0.0	1	108596 3655
18	111708	0.0	1	108308 3400
19	113179	0.0	1	110150 3029
20	115715	0.0	1	112573 3142
21	116114	0.0	1	113143 2971
22	121178	0.0	1	118181 2997
23	119716	0.0	1	116935 2781
24	118419	0.0	1	115594 2825
25	117136	0.0	1	114569 2567
26	111525	0.0	1	109019 2506
27	110237	0.0	1	107756 2481
28	109689	0.0	1	107255 2434
29	110621	0.0	1	108444 2177
30	112089	0.0	1	109874 2215
31	114618	0.0	1	112370 2248
32	118469	0.0	1	116105 2364
33	118879	0.0	1	116561 2318
34	119172	0.0	1	116951 2221
35	116881	0.0	1	114699 2182
36	114687	0.0	1	112617 2070
37	112547	0.0	1	110441 2106
38	109716	0.0	1	107752 1964
39	109893	0.0	1	107832 2061
40	110587	0.0	1	108613 1974
41	114648	0.0	1	112680 1968
42	119418	0.0	1	117415 2003
43	122344	0.0	1	120271 2073
44	123779	0.0	1	121677 2102
45	122639	0.0	1	120444 2195
46	121546	0.0	1	119370 2176
47	119042	0.0	1	116755 2287
48	113474	0.0	1	111494 1980
49	113015	0.0	1	111116 1899
50	114034	0.0	1	112181 1853
51	115999	0.0	1	114333 1666
52	120958	0.0	1	119124 1834
53	123978	0.0	1	122141 1837
54	127366	0.0	1	125536 1830
55	125189	0.0	1	123381 1808
56	123764	0.0	1	122052 1712
57	119437	0.0	1	117799 1638
58	116078	0.0	1	114576 1502
59	114378	0.0	1	112910 1468
60	115995	0.0	1	114533 1462
61	120229	0.0	1	118748 1481
62	123850	0.0	1	122309 1541
63	128578	0.0	1	127064 1514
64	131257	0.0	1	129710 1547
65	132259	0.0	1	130680 1579
66	130779	0.0	1	129263 1516
67	126058	0.0	1	124585 1473
68	121982	0.0	1	120573 1409
69	118531	0.0	1	117273 1258
70	119362	0.0	1	118012 1350
71	122264	0.0	1	120877 1387
72	127468	0.0	1	126027 1441
73	133728	0.0	1	132249 1479
74	139150	0.0	1	137614 1536
75	141186	0.0	1	139718 1468
76	140291	0.0	1	138783 1508
77	134982	0.0	1	133539 1443
78	128343	0.0	1	126890 1453
79	125353	0.0	1	123929 1424
80	124979	0.0	1	123477 1502
81	124829	0.0	1	123382 1447
82	134518	0.0	1	132718 1800
83	139327	0.0	1	137762 1565
84	147958	0.0	1	146322 1636
85	149767	0.0	1	148324 1443
86	148086	0.0	1	146644 1442
87	143757	0.0	1	142427 1330
88	135086	0.0	1	133772 1314
89	130023	0.0	1	128776 1247
90	125905	0.0	1	124654 1251
91	124627	0.0	1	123481 1146
92	131652	0.0	1	130444 1208
93	139863	0.0	1	138609 1254
94	150692	0.0	1	149344 1348
95	157214	0.0	1	155847 1367
96	158759	0.0	1	157389 1370
97	151680	0.0	1	150413 1267
98	143039	0.0	1	141796 1243
99	132768	0.0	1	131668 1100
100	126658	0.0	1	125574 1084
101	124566	0.0	1	123565 1001
102	129180	0.0	1	128081 1099
103	139053	0.0	1	137962 1091
104	153430	0.0	1	152237 1193
105	162864	0.0	1	161551 1313
106	167885	0.0	1	166529 1356
107	160203	0.0	1	158919 1284
108	149250	0.0	1	147954 1296
109	133748	0.0	1	132611 1137
110	128055	0.0	1	127016 1039
111	122600	0.0	1	121671 929
112	126611	0.0	1	125666 945
113	135218	0.0	1	134175 1043
114	152256	0.0	1	151058 1198
115	166057	0.0	1	164774 1283
116	172760	0.0	1	171355 1405
117	167345	0.0	1	165993 1352
118	146316	0.0	1	145241 1075
119	120755	0.0	1	119847 908
120	106555	0.0	1	105751 804
121	96664	0.0	1	95976 688
122	91280	0.0	1	90580 700
123	79757	0.0	1	79195 562
124	78460	0.0	1	77874 586
125	62512	0.0	1	62062 450
126	38755	0.0	1	38390 365
127	21109	0.0	1	20871 238
128	13959	0.0	1	13777 182
129	8386	0.0	1	8287 99
130	6228	0.0	1	6105 123
131	5348	0.0	1	5260 88
132	6605	0.0	1	6504 101
133	5828	0.0	1	5732 96
134	5069	0.0	1	4990 79
135	2645	0.0	1	2580 65
136	716	0.0	1	663 53
137	290	0.0	1	243 47
138	336	0.0	1	296 40
139	163	0.0	1	144 19
140	323	0.0	1	296 27
141	89	0.0	1	79 10
142	219	0.0	1	195 24
143	78	0.0	1	73 5
144	100	0.0	1	92 8
145	39	0.0	1	36 3
146	47	0.0	1	44 3
147	29	0.0	1	24 5
148	27	0.0	1	26 1
149	30	0.0	1	28 2
150	30	0.0	1	29 1
151	309	0.0	1	300 9
152	31	0.0	1	24 7
153	12	0.0	1	10 2
154	3	0.0	1	2 1
155	4	0.0	1	2 2
156	2	0.0	1	2
157	1	0.0	1	1
158	4	0.0	1	4
160	4	0.0	1	3 1
161	2	0.0	1	2
