This is cutadapt 2.8 with Python 3.8.10
Command line parameters: -a CTGTCTCTTATACACATCT -A CTGTCTCTTATACACATCT -j 16 -o ANT1_ct_1.fastq.gz -p ANT1_ct_2.fastq.gz ANT1_1.fastq.gz ANT1_2.fastq.gz
Processing reads on 16 cores in paired-end mode ...
Finished in 874.73 s (14 us/read; 4.28 M reads/minute).

=== Summary ===

Total read pairs processed:         62,419,281
  Read 1 with adapter:               8,154,838 (13.1%)
  Read 2 with adapter:               8,183,786 (13.1%)
Pairs written (passing filters):    62,419,281 (100.0%)

Total basepairs processed: 20,099,008,482 bp
  Read 1: 10,049,504,241 bp
  Read 2: 10,049,504,241 bp
Total written (filtered):  19,459,117,877 bp (96.8%)
  Read 1: 9,730,880,801 bp
  Read 2: 9,728,237,076 bp

=== First read: Adapter 1 ===

Sequence: CTGTCTCTTATACACATCT; Type: regular 3'; Length: 19; Trimmed: 8154838 times; Reverse-complemented: 0 times

No. of allowed errors:
0-9 bp: 0; 10-19 bp: 1

Bases preceding removed adapters:
  A: 10.8%
  C: 39.0%
  G: 27.5%
  T: 22.7%
  none/other: 0.0%

Overview of removed sequences
length	count	expect	max.err	error counts
3	928168	975301.3	0	928168
4	345687	243825.3	0	345687
5	171615	60956.3	0	171615
6	133758	15239.1	0	133758
7	118623	3809.8	0	118623
8	116641	952.4	0	116641
9	113881	238.1	0	112207 1674
10	120368	59.5	1	114765 5603
11	117668	14.9	1	113772 3896
12	118553	3.7	1	115154 3399
13	116384	0.9	1	113535 2849
14	112952	0.2	1	110346 2606
15	108135	0.1	1	105768 2367
16	104365	0.0	1	101936 2429
17	100200	0.0	1	97712 2488
18	97879	0.0	1	95379 2500
19	97150	0.0	1	94719 2431
20	98881	0.0	1	96486 2395
21	99416	0.0	1	97097 2319
22	101583	0.0	1	99133 2450
23	99096	0.0	1	96862 2234
24	97799	0.0	1	95562 2237
25	93588	0.0	1	91423 2165
26	89850	0.0	1	87887 1963
27	87068	0.0	1	85101 1967
28	83868	0.0	1	82055 1813
29	83840	0.0	1	81978 1862
30	83818	0.0	1	82007 1811
31	85233	0.0	1	83379 1854
32	86031	0.0	1	84302 1729
33	85240	0.0	1	83436 1804
34	84013	0.0	1	82312 1701
35	81131	0.0	1	79447 1684
36	78191	0.0	1	76563 1628
37	75834	0.0	1	74233 1601
38	72411	0.0	1	70883 1528
39	71221	0.0	1	69807 1414
40	70286	0.0	1	68861 1425
41	70907	0.0	1	69430 1477
42	72638	0.0	1	71197 1441
43	72866	0.0	1	71344 1522
44	73463	0.0	1	71867 1596
45	71500	0.0	1	70045 1455
46	69372	0.0	1	67872 1500
47	66249	0.0	1	64883 1366
48	63487	0.0	1	62127 1360
49	61239	0.0	1	59939 1300
50	59396	0.0	1	58247 1149
51	60127	0.0	1	58964 1163
52	60738	0.0	1	59542 1196
53	62001	0.0	1	60805 1196
54	62472	0.0	1	61223 1249
55	61802	0.0	1	60649 1153
56	60362	0.0	1	59249 1113
57	56644	0.0	1	55635 1009
58	54527	0.0	1	53558 969
59	51721	0.0	1	50782 939
60	50384	0.0	1	49448 936
61	50961	0.0	1	50010 951
62	51424	0.0	1	50522 902
63	52037	0.0	1	51126 911
64	53315	0.0	1	52389 926
65	53126	0.0	1	52216 910
66	51824	0.0	1	50955 869
67	48892	0.0	1	48081 811
68	46828	0.0	1	46023 805
69	44163	0.0	1	43438 725
70	42721	0.0	1	41998 723
71	41983	0.0	1	41293 690
72	42755	0.0	1	41990 765
73	43719	0.0	1	43083 636
74	44737	0.0	1	43930 807
75	45165	0.0	1	44419 746
76	44372	0.0	1	43696 676
77	41962	0.0	1	41251 711
78	39863	0.0	1	39221 642
79	37636	0.0	1	37023 613
80	36113	0.0	1	35493 620
81	35640	0.0	1	35029 611
82	36305	0.0	1	35637 668
83	36170	0.0	1	35671 499
84	37566	0.0	1	36920 646
85	37553	0.0	1	36975 578
86	37249	0.0	1	36647 602
87	35600	0.0	1	35031 569
88	33870	0.0	1	33355 515
89	32159	0.0	1	31637 522
90	30326	0.0	1	29837 489
91	29372	0.0	1	28965 407
92	29488	0.0	1	29050 438
93	29683	0.0	1	29269 414
94	30957	0.0	1	30476 481
95	31153	0.0	1	30748 405
96	30659	0.0	1	30192 467
97	30018	0.0	1	29560 458
98	29140	0.0	1	28632 508
99	27077	0.0	1	26691 386
100	25300	0.0	1	24881 419
101	24154	0.0	1	23794 360
102	23821	0.0	1	23465 356
103	24266	0.0	1	23909 357
104	25484	0.0	1	25099 385
105	25358	0.0	1	25028 330
106	26164	0.0	1	25794 370
107	25137	0.0	1	24791 346
108	24049	0.0	1	23665 384
109	21615	0.0	1	21297 318
110	20798	0.0	1	20446 352
111	19384	0.0	1	19093 291
112	19624	0.0	1	19257 367
113	19293	0.0	1	19030 263
114	20808	0.0	1	20451 357
115	20801	0.0	1	20501 300
116	21858	0.0	1	21456 402
117	20760	0.0	1	20473 287
118	19026	0.0	1	18753 273
119	16139	0.0	1	15906 233
120	14616	0.0	1	14333 283
121	12381	0.0	1	12213 168
122	11730	0.0	1	11509 221
123	9861	0.0	1	9698 163
124	9616	0.0	1	9411 205
125	7068	0.0	1	6953 115
126	4528	0.0	1	4373 155
127	2805	0.0	1	2720 85
128	2250	0.0	1	2118 132
129	1302	0.0	1	1257 45
130	1266	0.0	1	1175 91
131	804	0.0	1	765 39
132	1273	0.0	1	1161 112
133	960	0.0	1	924 36
134	1170	0.0	1	1079 91
135	539	0.0	1	496 43
136	485	0.0	1	418 67
137	139	0.0	1	110 29
138	379	0.0	1	321 58
139	125	0.0	1	102 23
140	299	0.0	1	246 53
141	76	0.0	1	59 17
142	229	0.0	1	195 34
143	53	0.0	1	42 11
144	159	0.0	1	140 19
145	45	0.0	1	41 4
146	120	0.0	1	104 16
147	50	0.0	1	39 11
148	65	0.0	1	55 10
149	22	0.0	1	11 11
150	42	0.0	1	40 2
151	567	0.0	1	541 26
152	33	0.0	1	28 5
153	20	0.0	1	14 6
154	2	0.0	1	1 1
155	1	0.0	1	1
156	1	0.0	1	0 1
157	7	0.0	1	7
158	2	0.0	1	2
159	2	0.0	1	1 1
160	2	0.0	1	2
161	4	0.0	1	3 1


=== Second read: Adapter 2 ===

Sequence: CTGTCTCTTATACACATCT; Type: regular 3'; Length: 19; Trimmed: 8183786 times; Reverse-complemented: 0 times

No. of allowed errors:
0-9 bp: 0; 10-19 bp: 1

Bases preceding removed adapters:
  A: 10.7%
  C: 39.0%
  G: 27.6%
  T: 22.7%
  none/other: 0.0%

Overview of removed sequences
length	count	expect	max.err	error counts
3	934970	975301.3	0	934970
4	342063	243825.3	0	342063
5	170056	60956.3	0	170056
6	133041	15239.1	0	133041
7	117529	3809.8	0	117529
8	115659	952.4	0	115659
9	113101	238.1	0	111361 1740
10	120081	59.5	1	114081 6000
11	117583	14.9	1	113180 4403
12	118008	3.7	1	114193 3815
13	116111	0.9	1	112646 3465
14	112700	0.2	1	109724 2976
15	107919	0.1	1	105127 2792
16	104147	0.0	1	101565 2582
17	100006	0.0	1	96786 3220
18	97798	0.0	1	94921 2877
19	97179	0.0	1	94542 2637
20	98899	0.0	1	96283 2616
21	99381	0.0	1	96747 2634
22	101555	0.0	1	98982 2573
23	99042	0.0	1	96665 2377
24	97800	0.0	1	95350 2450
25	93494	0.0	1	91297 2197
26	89804	0.0	1	87820 1984
27	87093	0.0	1	85119 1974
28	83920	0.0	1	81997 1923
29	83970	0.0	1	82200 1770
30	83934	0.0	1	82136 1798
31	85374	0.0	1	83581 1793
32	86178	0.0	1	84295 1883
33	85379	0.0	1	83661 1718
34	84215	0.0	1	82541 1674
35	81364	0.0	1	79700 1664
36	78341	0.0	1	76754 1587
37	75994	0.0	1	74506 1488
38	72626	0.0	1	71241 1385
39	71531	0.0	1	70216 1315
40	70505	0.0	1	69142 1363
41	71170	0.0	1	69856 1314
42	72939	0.0	1	71631 1308
43	73220	0.0	1	71877 1343
44	73701	0.0	1	72398 1303
45	71870	0.0	1	70465 1405
46	69657	0.0	1	68466 1191
47	66586	0.0	1	65325 1261
48	63864	0.0	1	62713 1151
49	61539	0.0	1	60455 1084
50	59799	0.0	1	58796 1003
51	60486	0.0	1	59500 986
52	61093	0.0	1	60074 1019
53	62449	0.0	1	61356 1093
54	62824	0.0	1	61798 1026
55	62147	0.0	1	61192 955
56	60776	0.0	1	59746 1030
57	56979	0.0	1	56049 930
58	54849	0.0	1	53970 879
59	52100	0.0	1	51279 821
60	50821	0.0	1	50037 784
61	51411	0.0	1	50616 795
62	51734	0.0	1	50953 781
63	52497	0.0	1	51756 741
64	53689	0.0	1	52883 806
65	53566	0.0	1	52853 713
66	52168	0.0	1	51418 750
67	49289	0.0	1	48608 681
68	47266	0.0	1	46539 727
69	44528	0.0	1	43920 608
70	43134	0.0	1	42528 606
71	42396	0.0	1	41773 623
72	43045	0.0	1	42440 605
73	44105	0.0	1	43520 585
74	45126	0.0	1	44484 642
75	45537	0.0	1	44944 593
76	44738	0.0	1	44157 581
77	42382	0.0	1	41818 564
78	40241	0.0	1	39701 540
79	38063	0.0	1	37492 571
80	36545	0.0	1	35986 559
81	36033	0.0	1	35519 514
82	36788	0.0	1	36164 624
83	36523	0.0	1	36042 481
84	38003	0.0	1	37435 568
85	37913	0.0	1	37400 513
86	37547	0.0	1	37045 502
87	35931	0.0	1	35476 455
88	34248	0.0	1	33774 474
89	32554	0.0	1	32143 411
90	30691	0.0	1	30269 422
91	29679	0.0	1	29316 363
92	29773	0.0	1	29365 408
93	30056	0.0	1	29640 416
94	31232	0.0	1	30781 451
95	31519	0.0	1	31111 408
96	30919	0.0	1	30523 396
97	30323	0.0	1	29958 365
98	29462	0.0	1	29061 401
99	27374	0.0	1	27037 337
100	25608	0.0	1	25241 367
101	24409	0.0	1	24073 336
102	24083	0.0	1	23727 356
103	24546	0.0	1	24218 328
104	25786	0.0	1	25395 391
105	25666	0.0	1	25318 348
106	26485	0.0	1	26124 361
107	25414	0.0	1	25105 309
108	24332	0.0	1	23988 344
109	21880	0.0	1	21605 275
110	21084	0.0	1	20783 301
111	19604	0.0	1	19359 245
112	19947	0.0	1	19618 329
113	19517	0.0	1	19292 225
114	21131	0.0	1	20842 289
115	21085	0.0	1	20840 245
116	22223	0.0	1	21880 343
117	21053	0.0	1	20781 272
118	19246	0.0	1	18983 263
119	16387	0.0	1	16199 188
120	14878	0.0	1	14595 283
121	12592	0.0	1	12425 167
122	11982	0.0	1	11753 229
123	10054	0.0	1	9898 156
124	9865	0.0	1	9627 238
125	7270	0.0	1	7141 129
126	4732	0.0	1	4554 178
127	2984	0.0	1	2899 85
128	2485	0.0	1	2318 167
129	1440	0.0	1	1367 73
130	1497	0.0	1	1344 153
131	929	0.0	1	874 55
132	1476	0.0	1	1328 148
133	1134	0.0	1	1059 75
134	1351	0.0	1	1230 121
135	680	0.0	1	605 75
136	675	0.0	1	537 138
137	261	0.0	1	199 62
138	526	0.0	1	434 92
139	195	0.0	1	165 30
140	346	0.0	1	302 44
141	128	0.0	1	109 19
142	268	0.0	1	249 19
143	71	0.0	1	64 7
144	177	0.0	1	158 19
145	59	0.0	1	51 8
146	129	0.0	1	120 9
147	59	0.0	1	51 8
148	73	0.0	1	65 8
149	25	0.0	1	21 4
150	46	0.0	1	41 5
151	569	0.0	1	551 18
152	43	0.0	1	39 4
153	27	0.0	1	23 4
154	2	0.0	1	2
155	4	0.0	1	3 1
156	1	0.0	1	1
157	7	0.0	1	7
158	2	0.0	1	1 1
159	4	0.0	1	2 2
160	2	0.0	1	2
161	5	0.0	1	4 1
