This is cutadapt 2.8 with Python 3.8.10
Command line parameters: -a CTGTCTCTTATACACATCT -A CTGTCTCTTATACACATCT -j 16 -o ANT2_ct_1.fastq.gz -p ANT2_ct_2.fastq.gz ANT2_1.fastq.gz ANT2_2.fastq.gz
Processing reads on 16 cores in paired-end mode ...
Finished in 1068.94 s (14 us/read; 4.38 M reads/minute).

=== Summary ===

Total read pairs processed:         78,090,313
  Read 1 with adapter:              15,121,568 (19.4%)
  Read 2 with adapter:              15,152,848 (19.4%)
Pairs written (passing filters):    78,090,313 (100.0%)

Total basepairs processed: 25,145,080,786 bp
  Read 1: 12,572,540,393 bp
  Read 2: 12,572,540,393 bp
Total written (filtered):  23,331,548,808 bp (92.8%)
  Read 1: 11,666,964,041 bp
  Read 2: 11,664,584,767 bp

=== First read: Adapter 1 ===

Sequence: CTGTCTCTTATACACATCT; Type: regular 3'; Length: 19; Trimmed: 15121568 times; Reverse-complemented: 0 times

No. of allowed errors:
0-9 bp: 0; 10-19 bp: 1

Bases preceding removed adapters:
  A: 11.5%
  C: 37.9%
  G: 26.4%
  T: 24.2%
  none/other: 0.0%

Overview of removed sequences
length	count	expect	max.err	error counts
3	980110	1220161.1	0	980110
4	362222	305040.3	0	362222
5	167267	76260.1	0	167267
6	131284	19065.0	0	131284
7	115217	4766.3	0	115217
8	112084	1191.6	0	112084
9	113624	297.9	0	111769 1855
10	120715	74.5	1	114870 5845
11	120811	18.6	1	116543 4268
12	122848	4.7	1	119337 3511
13	120009	1.2	1	116900 3109
14	116811	0.3	1	114083 2728
15	113012	0.1	1	110287 2725
16	109005	0.0	1	106524 2481
17	105846	0.0	1	103147 2699
18	105144	0.0	1	102328 2816
19	105390	0.0	1	102622 2768
20	109099	0.0	1	106380 2719
21	110850	0.0	1	108115 2735
22	115820	0.0	1	113134 2686
23	115116	0.0	1	112416 2700
24	113342	0.0	1	110729 2613
25	111616	0.0	1	109091 2525
26	105850	0.0	1	103516 2334
27	103140	0.0	1	100820 2320
28	102283	0.0	1	99929 2354
29	101659	0.0	1	99446 2213
30	103877	0.0	1	101550 2327
31	107539	0.0	1	105238 2301
32	110097	0.0	1	107846 2251
33	111945	0.0	1	109597 2348
34	112697	0.0	1	110387 2310
35	110071	0.0	1	107671 2400
36	106885	0.0	1	104669 2216
37	103939	0.0	1	101733 2206
38	100079	0.0	1	98105 1974
39	99437	0.0	1	97363 2074
40	101402	0.0	1	99418 1984
41	103749	0.0	1	101700 2049
42	109960	0.0	1	107876 2084
43	112349	0.0	1	110199 2150
44	115480	0.0	1	113099 2381
45	114534	0.0	1	112191 2343
46	111702	0.0	1	109468 2234
47	107628	0.0	1	105360 2268
48	102771	0.0	1	100697 2074
49	99871	0.0	1	97922 1949
50	100595	0.0	1	98731 1864
51	104257	0.0	1	102272 1985
52	108456	0.0	1	106476 1980
53	113696	0.0	1	111612 2084
54	117930	0.0	1	115670 2260
55	115711	0.0	1	113570 2141
56	113670	0.0	1	111628 2042
57	108656	0.0	1	106819 1837
58	104127	0.0	1	102233 1894
59	100008	0.0	1	98319 1689
60	101434	0.0	1	99652 1782
61	104659	0.0	1	102915 1744
62	108926	0.0	1	107169 1757
63	115324	0.0	1	113455 1869
64	120941	0.0	1	119035 1906
65	122549	0.0	1	120560 1989
66	119417	0.0	1	117497 1920
67	113527	0.0	1	111772 1755
68	108658	0.0	1	107047 1611
69	103787	0.0	1	102304 1483
70	100793	0.0	1	99290 1503
71	104009	0.0	1	102460 1549
72	109714	0.0	1	108099 1615
73	117379	0.0	1	115673 1706
74	125168	0.0	1	123476 1692
75	127586	0.0	1	125786 1800
76	126154	0.0	1	124282 1872
77	121832	0.0	1	120079 1753
78	113332	0.0	1	111741 1591
79	108260	0.0	1	106761 1499
80	105456	0.0	1	103880 1576
81	104790	0.0	1	103248 1542
82	111288	0.0	1	109587 1701
83	119506	0.0	1	117881 1625
84	128971	0.0	1	127287 1684
85	134819	0.0	1	133130 1689
86	134555	0.0	1	132795 1760
87	129483	0.0	1	127824 1659
88	119386	0.0	1	117868 1518
89	111675	0.0	1	110294 1381
90	106258	0.0	1	104847 1411
91	104184	0.0	1	102856 1328
92	108227	0.0	1	106872 1355
93	117353	0.0	1	115872 1481
94	130108	0.0	1	128524 1584
95	138761	0.0	1	137054 1707
96	142456	0.0	1	140681 1775
97	136813	0.0	1	135189 1624
98	127659	0.0	1	126036 1623
99	114244	0.0	1	112738 1506
100	105978	0.0	1	104695 1283
101	101553	0.0	1	100381 1172
102	104111	0.0	1	102840 1271
103	113166	0.0	1	111859 1307
104	128932	0.0	1	127367 1565
105	142051	0.0	1	140451 1600
106	150810	0.0	1	149119 1691
107	144691	0.0	1	143072 1619
108	133278	0.0	1	131706 1572
109	116649	0.0	1	115328 1321
110	106804	0.0	1	105620 1184
111	99446	0.0	1	98316 1130
112	100404	0.0	1	99229 1175
113	108348	0.0	1	107184 1164
114	125902	0.0	1	124509 1393
115	141987	0.0	1	140399 1588
116	154605	0.0	1	152834 1771
117	149729	0.0	1	148075 1654
118	131738	0.0	1	130291 1447
119	104720	0.0	1	103649 1071
120	89360	0.0	1	88399 961
121	77005	0.0	1	76181 824
122	69144	0.0	1	68421 723
123	60511	0.0	1	59891 620
124	61640	0.0	1	60984 656
125	51080	0.0	1	50517 563
126	32779	0.0	1	32425 354
127	18812	0.0	1	18577 235
128	12992	0.0	1	12805 187
129	7938	0.0	1	7840 98
130	5548	0.0	1	5464 84
131	4960	0.0	1	4907 53
132	5974	0.0	1	5883 91
133	5176	0.0	1	5095 81
134	4585	0.0	1	4490 95
135	2437	0.0	1	2385 52
136	570	0.0	1	544 26
137	214	0.0	1	201 13
138	229	0.0	1	212 17
139	93	0.0	1	76 17
140	249	0.0	1	228 21
141	77	0.0	1	62 15
142	131	0.0	1	122 9
143	59	0.0	1	47 12
144	82	0.0	1	72 10
145	30	0.0	1	21 9
146	33	0.0	1	27 6
147	20	0.0	1	18 2
148	17	0.0	1	12 5
149	20	0.0	1	19 1
150	17	0.0	1	16 1
151	2103	0.0	1	2043 60
152	29	0.0	1	23 6
153	7	0.0	1	7
154	1	0.0	1	1
155	2	0.0	1	1 1
156	1	0.0	1	1
157	2	0.0	1	2
158	2	0.0	1	2
159	1	0.0	1	1
160	1	0.0	1	1
161	2	0.0	1	2


=== Second read: Adapter 2 ===

Sequence: CTGTCTCTTATACACATCT; Type: regular 3'; Length: 19; Trimmed: 15152848 times; Reverse-complemented: 0 times

No. of allowed errors:
0-9 bp: 0; 10-19 bp: 1

Bases preceding removed adapters:
  A: 11.3%
  C: 37.9%
  G: 26.6%
  T: 24.2%
  none/other: 0.0%

Overview of removed sequences
length	count	expect	max.err	error counts
3	994036	1220161.1	0	994036
4	361209	305040.3	0	361209
5	166481	76260.1	0	166481
6	129946	19065.0	0	129946
7	113945	4766.3	0	113945
8	111124	1191.6	0	111124
9	112940	297.9	0	110926 2014
10	120265	74.5	1	113821 6444
11	120268	18.6	1	115479 4789
12	122210	4.7	1	118010 4200
13	119508	1.2	1	115733 3775
14	116506	0.3	1	113278 3228
15	112671	0.1	1	109516 3155
16	108664	0.0	1	105786 2878
17	105534	0.0	1	101957 3577
18	104822	0.0	1	101525 3297
19	105257	0.0	1	102307 2950
20	108829	0.0	1	105765 3064
21	110675	0.0	1	107666 3009
22	115480	0.0	1	112382 3098
23	114836	0.0	1	111954 2882
24	113123	0.0	1	110172 2951
25	111435	0.0	1	108742 2693
26	105669	0.0	1	103190 2479
27	103039	0.0	1	100624 2415
28	102126	0.0	1	99795 2331
29	101553	0.0	1	99349 2204
30	103725	0.0	1	101378 2347
31	107489	0.0	1	105123 2366
32	110021	0.0	1	107649 2372
33	112041	0.0	1	109825 2216
34	112720	0.0	1	110393 2327
35	110099	0.0	1	107906 2193
36	106869	0.0	1	104678 2191
37	104160	0.0	1	101968 2192
38	100190	0.0	1	98324 1866
39	99540	0.0	1	97687 1853
40	101533	0.0	1	99578 1955
41	103936	0.0	1	102074 1862
42	110168	0.0	1	108129 2039
43	112626	0.0	1	110659 1967
44	115693	0.0	1	113549 2144
45	114741	0.0	1	112701 2040
46	111920	0.0	1	109973 1947
47	107895	0.0	1	105939 1956
48	103076	0.0	1	101242 1834
49	100050	0.0	1	98331 1719
50	100842	0.0	1	99201 1641
51	104505	0.0	1	102889 1616
52	108719	0.0	1	107051 1668
53	114052	0.0	1	112294 1758
54	118268	0.0	1	116463 1805
55	116029	0.0	1	114373 1656
56	114019	0.0	1	112313 1706
57	108952	0.0	1	107358 1594
58	104353	0.0	1	102869 1484
59	100306	0.0	1	98951 1355
60	101774	0.0	1	100365 1409
61	104992	0.0	1	103559 1433
62	109292	0.0	1	107904 1388
63	115771	0.0	1	114323 1448
64	121300	0.0	1	119821 1479
65	122935	0.0	1	121328 1607
66	119715	0.0	1	118267 1448
67	113946	0.0	1	112573 1373
68	109066	0.0	1	107720 1346
69	104121	0.0	1	102828 1293
70	101168	0.0	1	100003 1165
71	104347	0.0	1	103050 1297
72	109998	0.0	1	108716 1282
73	117761	0.0	1	116441 1320
74	125489	0.0	1	124031 1458
75	127992	0.0	1	126531 1461
76	126502	0.0	1	125139 1363
77	122172	0.0	1	120840 1332
78	113704	0.0	1	112424 1280
79	108751	0.0	1	107505 1246
80	105968	0.0	1	104651 1317
81	105236	0.0	1	104080 1156
82	111901	0.0	1	110537 1364
83	119868	0.0	1	118566 1302
84	129413	0.0	1	127998 1415
85	135245	0.0	1	133874 1371
86	135013	0.0	1	133692 1321
87	129858	0.0	1	128563 1295
88	119817	0.0	1	118647 1170
89	111987	0.0	1	110922 1065
90	106616	0.0	1	105582 1034
91	104559	0.0	1	103568 991
92	108580	0.0	1	107640 940
93	117695	0.0	1	116658 1037
94	130393	0.0	1	129187 1206
95	139067	0.0	1	137874 1193
96	142780	0.0	1	141508 1272
97	137141	0.0	1	135944 1197
98	128010	0.0	1	126877 1133
99	114536	0.0	1	113540 996
100	106258	0.0	1	105305 953
101	101865	0.0	1	100960 905
102	104409	0.0	1	103507 902
103	113452	0.0	1	112511 941
104	129260	0.0	1	128224 1036
105	142385	0.0	1	141159 1226
106	151112	0.0	1	149894 1218
107	145013	0.0	1	143769 1244
108	133627	0.0	1	132500 1127
109	116932	0.0	1	115991 941
110	107135	0.0	1	106292 843
111	99707	0.0	1	98894 813
112	100720	0.0	1	99882 838
113	108643	0.0	1	107851 792
114	126246	0.0	1	125243 1003
115	142348	0.0	1	141249 1099
116	155106	0.0	1	153852 1254
117	150161	0.0	1	149015 1146
118	132035	0.0	1	131054 981
119	104966	0.0	1	104178 788
120	89602	0.0	1	88913 689
121	77165	0.0	1	76591 574
122	69363	0.0	1	68862 501
123	60665	0.0	1	60249 416
124	61771	0.0	1	61320 451
125	51262	0.0	1	50895 367
126	32902	0.0	1	32647 255
127	18954	0.0	1	18775 179
128	13086	0.0	1	12948 138
129	8033	0.0	1	7928 105
130	5646	0.0	1	5558 88
131	5046	0.0	1	4972 74
132	6083	0.0	1	5991 92
133	5236	0.0	1	5175 61
134	4668	0.0	1	4595 73
135	2504	0.0	1	2444 60
136	638	0.0	1	598 40
137	280	0.0	1	254 26
138	289	0.0	1	257 32
139	121	0.0	1	106 15
140	275	0.0	1	260 15
141	95	0.0	1	86 9
142	154	0.0	1	141 13
143	67	0.0	1	56 11
144	90	0.0	1	86 4
145	35	0.0	1	31 4
146	37	0.0	1	34 3
147	25	0.0	1	19 6
148	18	0.0	1	17 1
149	23	0.0	1	22 1
150	17	0.0	1	17
151	2100	0.0	1	2029 71
152	28	0.0	1	23 5
153	9	0.0	1	7 2
154	1	0.0	1	1
155	1	0.0	1	1
156	1	0.0	1	1
157	2	0.0	1	1 1
158	2	0.0	1	2
159	2	0.0	1	0 2
160	3	0.0	1	1 2
161	2	0.0	1	2
